3.203624248636791029e-04
9.156885544255277372e-04
1.341155551857149729e-03
1.357384060576103269e-03
6.661659637596377718e-04
-8.621175631362441513e-04
-2.909565635107423491e-03
-4.593586007083634223e-03
-4.694108232963910103e-03
-2.239460389777801590e-03
2.768200372038925015e-03
8.877467039827943024e-03
1.334125058189168135e-02
1.304772515404061840e-02
6.002146750237396383e-03
-7.217539561210915659e-03
-2.274756687439577832e-02
-3.400035890907374819e-02
-3.355980660790058162e-02
-1.588087211979337041e-02
2.017860838038443641e-02
7.004483587420144708e-02
1.240214310453177232e-01
1.697860281101787605e-01
1.960365320368423481e-01
1.960365320368423481e-01
1.697860281101787883e-01
1.240214310453177371e-01
7.004483587420144708e-02
2.017860838038443988e-02
-1.588087211979337735e-02
-3.355980660790058856e-02
-3.400035890907375513e-02
-2.274756687439577832e-02
-7.217539561210918261e-03
6.002146750237396383e-03
1.304772515404062708e-02
1.334125058189168309e-02
8.877467039827948228e-03
2.768200372038926750e-03
-2.239460389777804192e-03
-4.694108232963913573e-03
-4.593586007083634223e-03
-2.909565635107425226e-03
-8.621175631362441513e-04
6.661659637596388560e-04
1.357384060576103269e-03
1.341155551857151247e-03
9.156885544255277372e-04
3.203624248636791029e-04
